Accuracy: 0.8513832183584401

  # $ '' ( ) , . : CC CD DT EX FW IN JJ JJR JJS LS MD NN NNP NNPS NNS PDT POS PRP PRP$ RB RBR RBS RP SYM TO UH VB VBD VBG VBN VBP VBZ WDT WP WP$ WRB `` 
# 5 0 0 0 0 0 0 0 0 0 0 0 0 0 0 0 0 0 0 0 0 0 0 0 0 0 0 0 0 0 0 0 0 0 0 0 0 0 0 0 0 0 0 0 0 
$ 0 371 0 0 0 0 0 0 0 0 0 0 0 0 0 0 0 0 0 4 0 0 0 0 0 0 0 0 0 0 0 0 0 0 0 0 0 0 0 0 0 0 0 0 0 
'' 0 0 531 0 0 0 0 0 0 0 0 0 0 0 0 0 0 0 0 0 0 0 0 0 2 0 0 0 0 0 0 0 0 0 0 0 0 0 0 0 0 0 0 0 0 
( 0 0 0 76 0 0 0 0 0 0 0 0 0 0 0 0 0 0 0 0 0 0 0 0 0 0 0 0 0 0 0 0 0 0 0 0 0 0 0 0 0 0 0 0 0 
) 0 0 0 0 76 0 0 0 0 0 0 0 0 0 0 0 0 0 0 0 0 0 0 0 0 0 0 0 0 0 0 0 0 0 0 0 0 0 0 0 0 0 0 0 0 
, 0 0 0 0 0 3070 0 0 0 0 0 0 0 0 0 0 0 0 0 0 0 0 0 0 0 0 0 0 0 0 0 0 0 0 0 0 0 0 0 0 0 0 0 0 0 
. 0 0 0 0 0 0 2363 0 0 0 0 0 0 0 0 0 0 0 0 0 0 0 0 0 0 0 0 0 0 0 0 0 0 0 0 0 0 0 0 0 0 0 0 0 0 
: 0 0 0 0 0 0 0 336 0 0 0 0 0 0 0 0 0 0 0 0 0 0 0 0 0 0 0 0 0 0 0 0 0 0 0 0 0 0 0 0 0 0 0 0 0 
CC 0 0 0 0 0 0 0 0 1334 0 11 0 0 0 0 0 0 0 0 27 0 0 0 0 0 0 0 1 0 0 0 0 0 0 0 0 0 0 0 0 0 0 0 0 0 
CD 0 0 0 0 0 0 0 0 0 1458 0 0 0 0 0 0 0 0 0 474 3 0 0 0 0 0 0 0 0 0 0 0 0 0 0 0 0 0 0 0 0 0 0 0 0 
DT 0 0 0 0 0 0 0 0 0 0 4778 0 0 39 2 0 0 0 0 0 0 0 0 0 0 0 0 0 0 0 0 0 0 0 0 0 0 0 0 0 0 0 0 0 0 
EX 0 0 0 0 0 0 0 0 0 0 0 29 0 0 0 0 0 0 0 0 0 0 0 0 0 0 0 28 0 0 0 0 0 0 0 0 0 0 0 0 0 0 0 0 0 
FW 0 0 0 0 0 0 0 0 0 0 0 0 0 0 0 0 0 0 0 19 1 0 0 0 0 0 0 0 0 0 0 0 0 0 0 0 0 0 0 0 0 0 0 0 0 
IN 0 0 0 0 0 0 0 0 0 0 7 0 0 5823 4 0 0 0 0 16 0 0 0 0 0 0 0 15 0 0 1 0 0 0 0 0 0 0 0 0 0 0 0 0 0 
JJ 0 0 0 0 0 0 0 0 0 0 0 0 0 10 2399 0 1 0 0 1107 33 0 0 0 0 0 0 23 0 0 1 0 0 0 5 23 19 89 2 0 0 0 0 0 0 
JJR 0 0 0 0 0 0 0 0 0 0 0 0 0 0 4 154 0 0 0 16 1 0 0 0 0 0 0 0 23 0 0 0 0 0 0 0 0 0 0 0 0 0 0 0 0 
JJS 0 0 0 0 0 0 0 0 0 0 0 0 0 0 0 0 103 0 0 11 0 0 0 0 0 0 0 0 0 14 0 0 0 0 0 0 0 0 0 0 0 0 0 0 0 
LS 0 0 0 0 0 0 0 0 0 4 0 0 0 0 0 0 0 0 0 0 0 0 0 0 0 0 0 0 0 0 0 0 0 0 0 0 0 0 0 0 0 0 0 0 0 
MD 0 0 0 0 0 0 0 0 0 0 0 0 0 0 0 0 0 0 580 4 0 0 0 0 0 0 0 0 0 0 0 0 0 0 0 0 0 0 0 0 0 0 0 0 0 
NN 0 0 0 0 0 0 0 0 1 0 4 0 0 1 70 0 0 0 2 7330 43 0 4 0 0 0 0 2 0 0 0 0 0 0 42 11 48 1 20 1 0 0 0 0 0 
NNP 0 0 0 0 0 0 0 0 0 3 4 0 0 1 65 1 0 0 0 2349 3485 17 12 0 0 0 0 0 0 0 0 0 0 0 1 0 0 0 0 1 0 0 0 0 0 
NNPS 0 0 0 0 0 0 0 0 0 0 0 0 0 0 5 0 0 0 0 19 2 6 10 0 0 0 0 0 0 0 0 0 0 0 0 0 0 0 0 0 0 0 0 0 0 
NNS 0 0 0 0 0 0 0 0 0 6 0 0 0 0 15 0 0 0 0 729 12 7 2692 0 0 0 0 0 0 0 0 0 0 0 0 0 0 0 0 52 0 0 0 0 0 
PDT 0 0 0 0 0 0 0 0 0 0 14 0 0 0 4 0 0 0 0 0 0 0 0 0 0 0 0 0 0 0 0 0 0 0 0 0 0 0 0 0 0 0 0 0 0 
POS 0 0 0 0 0 0 0 0 0 0 0 0 0 0 0 0 0 0 0 0 0 0 0 0 545 0 0 0 0 0 0 0 0 0 0 0 0 0 0 6 0 0 0 0 0 
PRP 0 0 0 0 0 0 0 0 0 4 0 0 0 0 0 0 0 0 0 2 0 0 0 0 0 1044 6 0 0 0 0 0 0 0 0 0 0 0 0 0 0 0 0 0 0 
PRP$ 0 0 0 0 0 0 0 0 0 0 0 0 0 0 0 0 0 0 0 3 0 0 0 0 0 10 497 0 0 0 0 0 0 0 0 0 0 0 0 0 0 0 0 0 0 
RB 0 0 0 0 0 0 0 0 3 0 14 2 0 280 85 0 2 0 0 175 3 0 0 0 0 0 0 1483 0 0 0 0 0 0 3 0 0 0 0 0 0 0 0 0 0 
RBR 0 0 0 0 0 0 0 0 0 0 0 0 0 0 6 66 0 0 0 2 0 0 0 0 0 0 0 19 19 0 0 0 0 0 0 0 0 0 0 0 0 0 0 0 0 
RBS 0 0 0 0 0 0 0 0 0 0 0 0 0 0 0 0 27 0 0 0 0 0 0 0 0 0 0 0 0 3 0 0 0 0 0 0 0 0 0 0 0 0 0 0 0 
RP 0 0 0 0 0 0 0 0 0 0 0 0 0 155 0 0 0 0 0 4 0 0 0 0 0 0 0 14 0 0 4 0 0 0 0 0 0 0 0 0 0 0 0 0 0 
SYM 0 0 0 0 0 0 0 0 0 0 0 0 0 0 0 0 0 0 0 1 0 0 0 0 0 0 0 0 0 0 0 0 0 0 0 0 0 0 0 0 0 0 0 0 0 
TO 0 0 0 0 0 0 0 0 0 0 0 0 0 0 0 0 0 0 0 0 0 0 0 0 0 0 0 0 0 0 0 0 1245 0 0 0 0 0 0 0 0 0 0 0 0 
UH 0 0 0 0 0 0 0 0 0 0 1 0 0 0 0 0 0 0 0 4 0 0 0 0 0 0 0 3 0 0 0 0 0 0 0 0 0 0 0 0 0 0 0 0 0 
VB 0 0 0 0 0 0 0 0 0 0 0 0 0 0 11 1 0 0 0 317 0 0 0 0 0 0 0 1 0 0 0 0 0 0 1195 3 0 2 59 0 0 0 0 0 0 
VBD 0 0 0 0 0 0 0 0 0 0 0 0 0 0 3 0 0 0 0 145 0 0 0 0 0 0 0 0 0 0 0 0 0 0 2 1539 0 147 1 0 0 0 0 0 0 
VBG 0 0 0 0 0 0 0 0 0 0 0 0 0 0 10 0 0 0 0 302 0 0 0 0 0 0 0 0 0 0 0 0 0 0 0 0 506 0 0 0 0 0 0 0 0 
VBN 0 0 0 0 0 0 0 0 0 0 0 0 0 0 16 0 0 0 0 205 0 0 0 0 0 0 0 0 0 0 0 0 0 0 6 153 0 720 0 0 0 0 0 0 0 
VBP 0 0 0 0 0 0 0 0 0 0 0 0 0 1 4 0 0 0 0 124 1 0 0 0 0 0 0 0 0 0 0 0 0 0 86 0 0 5 581 0 0 0 0 0 0 
VBZ 0 0 0 0 0 0 0 0 0 0 0 0 0 0 0 0 0 0 0 100 0 0 41 0 28 0 0 0 0 0 0 0 0 0 0 0 0 0 0 1067 0 0 0 0 0 
WDT 0 0 0 0 0 0 0 0 0 0 2 0 0 136 0 0 0 0 0 2 0 0 0 0 0 0 0 0 0 0 0 0 0 0 0 0 0 0 0 0 139 1 0 0 0 
WP 0 0 0 0 0 0 0 0 0 0 0 0 0 0 0 0 0 0 0 0 0 0 0 0 0 0 0 0 0 0 0 0 0 0 0 0 0 0 0 0 0 111 0 0 0 
WP$ 0 0 0 0 0 0 0 0 0 0 0 0 0 0 0 0 0 0 0 0 0 0 0 0 0 0 0 0 0 0 0 0 0 0 0 0 0 0 0 0 0 0 21 0 0 
WRB 0 0 0 0 0 0 0 0 0 0 0 0 0 0 0 0 0 0 0 1 0 0 0 0 0 0 0 1 0 0 0 0 0 0 0 0 0 0 0 0 0 0 0 131 0 
`` 0 0 0 0 0 0 0 0 0 0 0 0 0 0 0 0 0 0 0 0 0 0 0 0 0 0 0 0 0 0 0 0 0 0 0 0 0 0 0 0 0 0 0 0 535 
